~o
<STREAMINFO> 1 39
<VECSIZE> 39<NULLD><MFCC_D_A_0><DIAGC>
~h "MayDay"
<BEGINHMM>
<NUMSTATES> 3
<STATE> 2
<MEAN> 39
 -1.970348e+00 -5.055914e+00 5.759341e+00 -4.121456e+00 5.790622e+00 2.026362e+00 3.188325e+00 -4.279286e+00 9.260566e-01 1.954141e-01 -6.278753e-01 -2.575763e+00 8.132846e+01 6.080673e-04 4.071854e-04 2.927146e-03 3.859112e-03 -2.679753e-03 -2.419840e-03 -1.444199e-03 1.789003e-03 -2.241068e-03 3.449620e-03 6.135583e-03 3.566155e-04 -6.125367e-04 -5.864873e-06 -1.762113e-04 -3.402477e-05 -1.874485e-04 -4.320912e-04 -1.613071e-04 -4.688805e-04 -4.063620e-04 8.594933e-04 -6.325263e-05 3.626266e-04 -5.041604e-04 -2.569577e-04
<VARIANCE> 39
 3.161333e+01 2.773299e+01 1.921153e+01 2.129930e+01 2.294160e+01 3.838841e+01 3.031481e+01 3.465067e+01 1.869967e+01 2.778722e+01 1.885166e+01 1.903864e+01 2.048745e+01 4.954680e-01 3.880229e-01 5.404342e-01 7.412372e-01 8.100610e-01 9.998567e-01 1.125796e+00 1.284091e+00 1.131358e+00 1.171729e+00 1.113781e+00 1.095101e+00 2.500572e-01 6.112847e-02 6.421904e-02 9.453858e-02 1.410832e-01 1.525292e-01 1.864124e-01 2.123683e-01 2.403176e-01 2.229987e-01 2.352090e-01 2.170640e-01 2.135600e-01 2.662683e-02
<GCONST> 8.401174e+01
<TRANSP> 3
 0.000000e+00 1.000000e+00 0.000000e+00
 0.000000e+00 9.992732e-01 7.267443e-04
 0.000000e+00 0.000000e+00 0.000000e+00
<ENDHMM>
