~o
<STREAMINFO> 1 39
<VECSIZE> 39<NULLD><MFCC_D_A_0><DIAGC>
~h "MayDay"
<BEGINHMM>
<NUMSTATES> 3
<STATE> 2
<MEAN> 39
 -1.970350e+00 -5.055929e+00 5.759339e+00 -4.121456e+00 5.790621e+00 2.026357e+00 3.188327e+00 -4.279291e+00 9.260572e-01 1.954145e-01 -6.278775e-01 -2.575762e+00 8.132845e+01 6.080683e-04 4.071953e-04 2.927156e-03 3.859115e-03 -2.679751e-03 -2.419829e-03 -1.444225e-03 1.789001e-03 -2.241082e-03 3.449657e-03 6.135585e-03 3.566141e-04 -6.125374e-04 -5.866308e-06 -1.762144e-04 -3.401803e-05 -1.874472e-04 -4.320849e-04 -1.613042e-04 -4.688812e-04 -4.063545e-04 8.594909e-04 -6.325031e-05 3.626361e-04 -5.041510e-04 -2.569511e-04
<VARIANCE> 39
 3.161341e+01 2.773245e+01 1.921151e+01 2.129928e+01 2.294167e+01 3.838879e+01 3.031492e+01 3.465049e+01 1.869966e+01 2.778720e+01 1.885163e+01 1.903863e+01 2.048764e+01 4.954680e-01 3.880230e-01 5.404338e-01 7.412375e-01 8.100615e-01 9.998558e-01 1.125799e+00 1.284092e+00 1.131357e+00 1.171728e+00 1.113783e+00 1.095101e+00 2.500577e-01 6.112853e-02 6.421907e-02 9.453877e-02 1.410830e-01 1.525292e-01 1.864119e-01 2.123688e-01 2.403175e-01 2.229992e-01 2.352090e-01 2.170639e-01 2.135599e-01 2.662684e-02
<GCONST> 8.401176e+01
<TRANSP> 3
 0.000000e+00 1.000000e+00 0.000000e+00
 0.000000e+00 9.992732e-01 7.267443e-04
 0.000000e+00 0.000000e+00 0.000000e+00
<ENDHMM>
